Gaborone, Francistown, Molepolole, Maun, Selebe-Phikwe, Serowe, Kanye, Mahalapye, Palapye
Gaborone, 0, 435, 55, 856, 402, 315, 93, 203, 275
Francistown, 435, 0, 490, 491, 146, 211, 525, 245, 171
Molepolole, 55, 490, 0, 882, 454, 319, 84, 254, 327
Maun, 856, 491, 882, 0, 636, 700, 874, 654, 591
Selebe-Phikwe, 402, 146, 454, 636, 0, 177, 496, 201, 138
Serowe, 315, 211, 319, 700, 177, 0, 406, 0, 113, 50
Kanye, 93, 525, 84, 874, 496, 406, 0, 293, 362
Mahalapye, 203, 245, 254, 654, 201, 113, 293, 0, 82
Palapye, 275, 171, 327, 591, 138, 50, 362, 82, 0
Lobatse, 74, 510, 121, 924, 476, 386, 50, 283, 344
Jwaneng, 161, 592, 151, 797, 560, 472, 80, 364, 433
Orapa, 526, 235, 542, 402, 388, 217, 626, 333, 261 